0.305410421179578
0.30049131438815
0.298372600719408
0.29756834862347
0.297284820148148
0.29730626556554
0.297432644070562
0.297446656364624
0.297041203215451
0.295695657452539
0.293197632514961
0.289952150882343
0.287072851507123
0.28665393885659
0.290066539476019
0.297406409593541
0.301406344959498
0.289289231266542
0.244449316788956
0.154770959311423
0.000938645841395534
-0.245966201993417
-0.417943382361868
-0.540887992691939
-0.621442420147594
-0.673148108854553
-0.706331466870813
-0.726302122385208
-0.737050422583517
-0.742533270984569
-0.745338700635464
-0.746663004682122
-0.74717015371197
-0.74727480004819
-0.747179575899709
-0.747039668801766
-0.746877201115578
-0.746728773752566
-0.746594964236979
-0.746490615202272
-0.746377600015172
-0.746226416435335
-0.746072121398746
-0.745891820871398
-0.745707012409711
-0.74559696090485
-0.745770137596144
-0.746642297547411
-0.748887888829557
-0.753865012644541
-0.763557169413647
-0.77732314323444
-0.786910016757782
-0.792253284741023
-0.795091301435164
-0.796363107183748
-0.796688501571273
-0.796509465677091
-0.79626577437596
-0.796019180532814
-0.79585087683044
-0.795895567903042
-0.796011413096526
-0.79619588250852
-0.796404452752929
-0.796602225439411
-0.79678603677691
-0.796931687642225
-0.796957536127424
-0.796803085064993
-0.796319781049103
-0.795166039564677
